3,0,2,5,4,2,-1,5,4,9,1,8,-1,8,7
9,8,1,5,6,6,3,7,0,7,1,7,8,8,6
9,8,1,0,4,7,8,9,2,0,4,-1,5,2,8
0,6,9,6,0,4,2,3,4,4,4,6,9,-1,8
5,6,3,-1,-1,0,1,-1,7,2,6,0,9,0,8
8,6,1,0,1,8,7,2,-1,9,9,8,6,1,1
0,3,8,7,1,9,2,7,9,2,5,6,6,5,5
-1,4,7,-1,0,0,9,0,9,4,-1,8,3,5,-1
0,9,5,0,-1,1,6,2,1,0,7,-1,5,1,3
0,4,6,4,4,7,7,8,2,8,0,7,3,-1,4
0,0,1,1,4,2,4,8,3,7,9,8,6,9,1
5,9,0,4,1,1,7,3,9,7,2,9,0,2,5
2,4,5,8,8,7,1,7,7,7,2,5,1,1,7
0,3,-1,3,9,5,4,1,3,7,8,0,6,0,5
9,5,0,9,2,4,-1,2,8,8,4,2,6,0,1
0,0
14,14
end

5,4,5,9,8,4,8,9,2,4,4,9,9,7,3,0,1,2,3
4,-1,5,2,0,7,1,7,4,5,7,9,0,3,3,5,9,3,7
8,7,0,6,4,8,8,8,4,0,5,4,6,7,1,9,3,-1,9
1,7,8,5,4,1,3,9,6,7,0,9,1,2,3,7,1,7,-1
8,4,4,2,8,6,3,6,5,2,3,3,1,7,-1,0,1,5,1
0,2,5,7,1,5,2,7,6,1,4,5,0,6,5,3,9,6,9
7,6,-1,-1,6,7,-1,4,0,7,2,5,6,4,4,8,8,0,9
6,1,4,5,6,1,6,1,1,1,7,-1,-1,6,1,5,3,4,6
9,4,5,8,3,3,9,-1,0,-1,1,5,8,1,-1,6,8,9,7
7,4,3,4,6,2,1,8,5,6,4,2,2,4,9,1,2,9,5
3,1,9,9,6,1,1,8,8,4,2,3,6,0,-1,8,0,9,3
8,-1,2,3,4,5,7,8,9,-1,7,0,6,9,0,1,7,4,6
1,0,5,2,0,1,6,6,9,3,6,4,3,0,8,2,8,4,2
0,3,4,0,4,8,3,4,5,-1,6,0,5,-1,9,6,7,6,4
6,5,-1,2,0,9,1,5,0,-1,0,3,4,1,7,7,7,8,2
4,5,1,2,1,6,9,9,7,6,1,3,5,8,5,5,2,-1,1
-1,7,0,7,7,6,6,2,0,2,2,-1,7,3,1,5,3,4,0
1,7,1,1,0,9,-1,7,2,9,1,1,-1,6,9,0,0,0,6
0,3,9,2,4,6,9,7,2,0,1,0,8,7,0,6,9,2,0
0,0
18,18
end

3,2,1,0,5,6,2,7,7,0,8,3,5,9,1,2,6,8,8,2,9,6,8
5,5,9,3,4,2,1,4,4,0,1,9,1,7,0,6,-1,1,2,-1,5,2,-1
1,5,5,5,6,3,2,2,5,0,6,8,-1,2,7,9,0,5,8,4,1,3,2
-1,5,1,6,1,5,5,6,9,6,7,6,1,7,2,1,8,2,4,1,6,0,4
-1,9,0,3,8,0,6,3,-1,4,8,6,6,-1,-1,5,7,5,0,5,0,4,1
2,7,3,3,2,2,6,4,-1,1,2,9,7,7,0,2,7,3,1,-1,1,1,7
-1,1,7,8,2,1,3,9,5,4,9,0,3,1,1,2,5,7,0,2,5,5,0
6,0,5,1,6,4,-1,7,3,4,-1,5,6,2,1,7,6,1,4,8,8,8,9
7,2,7,3,-1,0,4,4,9,6,-1,4,-1,2,9,1,8,2,3,8,5,9,9
9,2,1,1,1,8,7,-1,4,5,8,8,1,7,9,9,-1,2,0,1,7,-1,6
9,3,4,7,4,5,7,8,4,0,2,4,1,1,1,3,9,1,9,4,1,-1,2
1,3,5,8,1,8,0,1,5,4,8,8,2,0,4,-1,6,0,-1,3,0,6,-1
6,3,5,3,5,9,9,-1,6,0,1,-1,7,8,2,5,1,7,4,2,3,3,0
5,8,3,5,6,1,7,0,5,8,3,1,4,-1,1,8,1,7,-1,5,6,9,4
1,7,3,4,5,5,-1,9,4,2,4,1,0,5,-1,2,5,7,1,9,4,-1,0
3,7,2,2,3,6,1,0,6,3,3,5,-1,0,9,0,9,2,4,9,2,4,9
5,6,9,6,4,3,-1,7,3,8,7,3,5,0,3,8,7,4,0,5,3,2,8
4,5,-1,4,3,4,4,3,6,6,6,6,8,1,3,1,8,8,8,8,6,2,0
9,0,0,4,6,8,-1,9,8,7,8,3,6,-1,9,5,6,2,8,0,8,7,0
2,6,5,4,6,9,6,1,5,6,6,8,6,7,1,5,5,7,2,1,3,2,7
9,2,5,6,1,9,0,7,4,6,5,1,9,1,8,5,5,3,4,8,4,9,-1
8,4,2,6,0,7,7,8,1,5,6,0,1,4,2,8,5,8,5,8,0,0,5
5,1,6,2,2,-1,6,7,-1,8,6,6,8,1,3,2,7,7,8,2,0,5,1
0,0
22,22
end

12,3,9,18,8,7,12,10,20,15,0,12,0,4,0,9,3,1,13,7,16,3,7,19,3,20,17,13,10,15
2,18,2,13,0,20,3,9,1,11,2,-1,0,9,11,16,19,9,14,5,6,9,7,9,8,11,18,8,11,4
5,6,5,0,7,-1,16,1,5,6,5,-1,17,4,-1,16,17,16,-1,17,0,13,3,13,11,-1,11,17,20,14
12,20,15,7,20,16,7,15,12,1,5,19,20,2,5,16,12,13,18,3,10,20,9,8,0,19,2,9,15,18
18,0,1,1,1,2,1,6,10,7,2,1,2,-1,7,17,-1,-1,18,2,19,10,8,7,17,18,1,20,5,7
3,-1,2,5,11,10,10,11,12,4,12,9,19,-1,12,20,13,2,11,18,18,11,15,4,16,14,1,17,8,2
11,20,11,-1,14,5,2,4,17,0,4,10,13,11,13,9,7,11,8,8,10,8,15,6,13,15,9,16,6,6
8,2,7,14,-1,12,2,1,3,4,20,1,7,17,14,18,-1,5,8,1,2,18,0,19,1,15,20,11,15,15
2,0,14,5,17,16,16,19,0,10,16,3,20,18,3,2,3,0,18,8,3,6,-1,-1,19,5,18,4,20,12
-1,13,-1,12,6,8,17,17,0,18,11,4,-1,12,16,5,10,4,4,10,8,14,1,4,12,9,1,1,13,8
18,2,-1,17,6,18,14,0,19,10,13,19,1,6,17,19,12,6,17,3,10,6,9,8,-1,4,3,3,20,5
12,5,14,5,4,19,9,1,11,7,3,14,2,4,19,3,9,11,8,0,16,4,18,20,11,14,0,2,2,8
10,17,6,18,11,5,16,17,6,14,2,20,19,15,6,5,6,6,3,10,18,13,10,3,11,-1,10,16,12,6
11,5,17,-1,20,-1,1,4,2,18,15,11,15,20,1,10,7,5,8,1,19,18,9,13,10,1,8,20,15,11
1,0,2,8,7,17,11,-1,12,12,-1,17,14,11,5,14,10,3,20,19,1,7,-1,12,9,17,17,15,1,10
0,5,14,20,14,18,14,16,7,11,-1,4,4,0,11,4,8,11,20,-1,16,4,15,0,14,11,13,10,17,11
20,7,5,16,0,7,-1,17,3,0,18,2,20,14,6,16,10,3,17,3,-1,7,12,11,16,19,13,20,7,5
14,20,20,10,2,11,9,11,12,4,16,3,11,7,20,18,9,17,9,7,16,8,8,10,14,6,15,9,5,17
3,11,1,10,0,6,15,5,11,3,7,0,5,2,9,17,15,19,17,11,1,7,12,17,5,16,14,10,8,6
0,15,17,3,9,14,5,2,16,20,-1,10,14,12,11,14,19,10,1,3,16,17,16,19,-1,0,7,5,0,7
20,15,3,8,3,14,4,12,15,15,9,19,9,7,18,6,10,8,17,2,19,1,3,5,14,1,19,19,20,11
5,16,13,9,18,18,5,11,17,18,8,5,13,19,11,4,4,9,17,12,15,15,19,5,15,1,13,12,1,11
7,15,10,11,4,4,13,11,0,16,1,11,15,3,9,5,2,4,11,12,-1,4,14,12,8,1,9,15,5,4
19,10,1,3,8,6,16,11,3,3,11,7,17,19,12,15,14,-1,1,8,12,1,19,-1,9,3,19,-1,11,2
15,7,5,0,8,15,9,13,2,8,7,6,7,18,16,4,7,16,0,4,0,6,4,1,2,6,15,8,0,19
5,0,19,18,2,7,1,19,3,11,19,13,18,5,11,6,20,14,1,9,2,13,17,17,0,15,15,18,10,12
16,2,15,19,1,6,14,2,18,19,3,11,18,13,7,17,20,10,19,16,12,-1,19,19,9,5,18,20,10,3
8,10,15,13,11,12,13,2,3,15,10,19,-1,16,4,5,1,1,0,14,14,20,15,-1,5,17,11,5,11,11
20,6,9,17,15,13,5,-1,12,1,18,10,1,4,-1,17,14,18,2,3,9,0,3,13,17,18,2,20,12,1
-1,4,17,16,18,15,17,8,20,-1,-1,4,3,16,18,8,8,12,8,15,16,16,14,-1,3,12,19,10,-1,7
0,0
29,29
end

9,3,2,6,0,7,5,2,3,4,8,8,0,4,-1,9,2,3,2,-1,-1,6,8,8,-1,1,1,5,6,9,6
6,9,8,2,3,-1,7,0,9,1,0,4,0,4,-1,-1,0,2,2,9,7,4,8,1,2,9,9,8,9,3,2
6,1,9,7,-1,5,2,0,0,7,9,7,2,3,8,8,3,9,-1,-1,9,8,9,-1,3,1,8,0,4,6,3
7,3,3,0,2,6,8,7,-1,5,2,1,2,3,2,4,0,6,4,9,4,-1,0,1,6,7,8,2,1,2,6
0,2,5,8,0,1,3,-1,5,-1,3,7,0,9,3,0,5,5,0,4,2,8,9,9,2,5,6,1,2,-1,-1
9,4,-1,9,1,7,7,-1,7,-1,2,8,-1,7,9,5,9,2,3,4,4,4,5,0,4,9,8,3,2,1,8
1,-1,3,5,5,1,9,3,4,3,0,4,8,6,1,2,1,7,3,9,2,3,8,9,-1,7,4,7,2,3,7
6,0,0,-1,6,7,1,5,-1,0,5,6,-1,7,0,1,6,1,7,2,5,0,5,8,8,3,6,8,1,9,4
3,1,3,1,5,0,0,-1,3,7,0,-1,0,0,6,8,4,4,3,9,0,6,5,8,7,2,0,2,5,1,3
6,2,5,9,1,5,4,8,4,5,2,8,-1,1,0,2,6,5,3,0,4,0,8,2,2,0,5,5,2,-1,-1
1,6,9,2,4,5,2,7,5,1,8,9,2,4,2,6,6,3,2,8,-1,5,9,-1,4,3,8,2,1,5,2
7,0,6,0,7,2,7,1,-1,4,3,1,8,1,0,3,0,9,4,2,5,2,9,8,7,4,2,3,-1,2,2
2,9,7,-1,3,5,8,4,7,-1,2,5,1,-1,2,-1,8,3,6,5,6,8,2,9,7,1,8,7,6,-1,6
8,5,-1,7,1,4,4,6,-1,0,5,9,8,8,5,3,2,9,9,9,0,5,2,4,9,3,3,4,4,9,3
7,9,7,6,9,8,0,0,7,7,3,5,6,4,-1,5,1,9,4,7,4,-1,-1,4,8,7,6,7,-1,2,8
8,4,8,-1,4,7,1,6,2,9,1,8,3,8,4,6,7,7,-1,4,3,9,5,9,2,0,9,8,8,6,1
3,1,-1,1,7,8,0,6,8,0,3,9,3,3,4,2,6,-1,9,-1,-1,4,6,0,6,7,-1,1,2,9,3
-1,3,2,3,5,9,-1,9,3,5,8,1,8,4,4,9,-1,1,9,1,1,2,6,7,5,5,-1,5,3,2,0
1,2,3,9,0,6,8,9,0,0,5,5,4,7,4,2,9,4,8,0,-1,8,3,7,6,-1,4,0,8,4,2
6,8,-1,4,8,8,0,-1,3,-1,-1,6,8,8,5,6,1,9,7,5,7,4,-1,4,1,2,1,4,5,8,9
9,-1,5,3,6,9,0,5,2,9,-1,6,7,8,2,1,8,9,4,9,4,8,9,6,5,7,7,6,2,3,7
8,5,9,0,3,4,5,0,1,5,9,2,7,3,1,4,5,-1,6,1,0,4,3,4,3,9,3,6,7,2,5
8,0,-1,2,4,0,-1,5,4,2,-1,4,9,9,1,-1,-1,1,0,3,7,-1,5,3,8,-1,6,5,8,5,5
0,1,-1,-1,2,5,3,3,2,5,9,3,2,7,8,1,5,4,3,9,-1,0,6,7,2,2,6,0,7,3,7
5,1,0,6,7,5,5,8,0,8,-1,1,0,9,4,8,5,7,0,4,4,3,1,8,8,1,4,6,7,0,-1
1,-1,8,-1,7,-1,4,6,2,9,2,2,7,9,8,9,2,3,2,5,7,2,4,7,6,6,9,2,6,1,9
6,9,3,-1,4,0,7,2,8,-1,8,4,-1,5,9,3,4,8,3,3,9,9,9,-1,8,7,3,8,7,8,2
6,0,7,6,1,6,2,6,0,7,6,8,7,9,2,4,6,-1,1,6,7,0,9,9,-1,7,8,7,0,9,6
0,-1,-1,9,6,5,-1,1,6,2,3,2,-1,4,-1,7,-1,6,4,1,-1,2,7,1,2,2,6,1,4,8,7
8,4,7,3,5,7,0,4,0,4,7,0,-1,5,4,2,3,6,8,-1,6,6,3,5,9,1,1,0,6,2,7
6,3,6,3,8,5,8,5,1,0,1,2,1,6,4,7,-1,9,0,9,7,3,7,1,6,6,2,4,4,-1,1
0,0
30,30
end

5,6,8,9,2,3,0,2,9,0,3,3,9,1,-1,4,7,2,4,5,9,-1,6,0,0,9,5,0,9,0,9,5,7,7,0
3,5,-1,1,0,9,-1,7,6,3,-1,-1,-1,3,8,1,3,2,1,9,9,9,6,3,9,3,0,8,4,8,0,7,4,2,9
9,7,1,2,4,0,0,4,6,5,2,9,-1,6,7,0,8,-1,1,-1,3,2,0,5,9,8,3,2,8,8,7,6,6,4,7
7,4,7,4,0,1,6,2,8,7,3,7,5,4,9,1,0,5,8,1,7,3,8,0,7,-1,8,1,5,6,9,1,9,2,1
3,2,2,0,1,2,0,6,3,0,8,8,6,7,6,6,2,0,7,1,4,3,6,8,4,7,4,3,6,4,4,1,6,-1,6
5,4,4,0,5,5,5,7,8,6,6,-1,1,1,5,0,8,1,9,8,2,8,2,8,2,9,9,8,3,6,8,9,-1,1,7
9,8,2,0,-1,5,0,9,4,4,6,9,9,9,4,7,-1,1,2,7,1,4,0,2,-1,1,6,-1,7,5,5,9,7,0,-1
9,-1,0,-1,1,7,9,-1,3,9,-1,4,9,1,2,1,9,4,0,2,1,9,1,2,5,1,0,3,7,5,2,2,7,6,9
4,7,-1,6,8,0,5,4,3,7,9,8,9,1,4,3,9,0,9,2,0,7,5,8,7,4,3,7,1,6,0,1,9,-1,2
4,4,-1,3,-1,4,4,-1,6,3,4,-1,0,3,4,-1,1,7,1,9,-1,7,5,9,4,-1,3,5,4,-1,-1,9,1,6,5
-1,8,2,3,5,2,1,0,8,2,7,1,5,8,8,1,5,4,5,3,4,3,-1,0,0,6,9,7,0,9,2,8,2,8,7
4,7,8,1,3,-1,4,8,2,-1,1,6,3,3,4,6,6,9,0,0,6,3,9,-1,1,-1,-1,1,0,0,-1,1,0,0,2
3,5,3,1,3,4,7,7,5,9,9,7,5,9,9,3,2,8,8,6,6,5,2,8,4,-1,2,5,5,7,4,8,4,5,5
1,4,3,2,4,3,0,3,0,6,2,0,4,0,6,7,9,9,3,0,0,-1,2,7,7,1,-1,9,-1,0,-1,7,8,4,7
5,6,7,9,8,1,7,6,7,4,9,6,3,7,4,1,3,6,2,5,-1,3,1,-1,4,1,0,-1,5,9,5,0,7,8,8
3,1,5,8,-1,2,2,-1,8,1,8,0,2,5,2,5,6,0,6,9,4,9,-1,2,3,3,3,2,-1,9,6,-1,6,0,9
0,3,1,8,9,1,6,9,5,6,2,1,8,0,5,8,2,8,0,5,-1,9,7,-1,9,1,7,5,3,8,8,-1,5,-1,8
9,8,9,9,5,3,1,8,1,7,0,3,2,7,1,4,4,3,8,7,-1,0,3,-1,9,1,3,9,5,1,6,5,9,4,4
7,2,1,9,9,2,-1,4,-1,6,7,7,9,3,5,7,9,3,1,3,6,8,0,2,3,7,0,1,3,2,7,9,5,1,4
4,6,7,3,8,4,3,1,8,2,7,7,5,-1,5,6,7,6,4,5,1,4,-1,6,1,3,0,0,-1,7,4,9,2,9,1
5,-1,6,0,7,7,7,5,-1,5,1,1,-1,7,-1,7,6,3,7,9,8,-1,4,1,-1,-1,3,-1,6,8,7,2,5,4,0
-1,-1,2,7,0,9,4,2,-1,6,6,5,2,8,4,5,4,-1,-1,1,0,0,0,0,5,9,5,0,4,9,1,8,0,5,7
7,9,3,0,1,8,8,8,6,-1,9,-1,7,5,4,6,2,9,1,4,1,0,6,7,4,-1,4,8,8,0,4,9,0,9,0
6,5,3,1,0,9,8,6,5,1,0,-1,3,9,8,7,5,9,-1,-1,2,0,2,1,5,5,8,5,5,0,4,6,7,7,6
1,4,8,-1,5,-1,3,0,8,7,7,9,8,2,9,6,4,-1,2,7,1,3,0,4,8,7,2,2,1,8,5,5,1,6,4
2,8,5,7,3,-1,2,6,3,1,4,6,4,2,3,9,9,4,5,5,9,9,4,1,-1,8,6,4,2,8,2,8,3,3,3
0,7,5,1,7,7,5,7,7,6,1,1,3,8,6,9,-1,8,5,5,0,1,7,9,5,5,1,0,5,1,7,1,5,9,3
1,4,3,3,0,4,0,-1,4,6,6,4,6,7,5,5,-1,5,9,3,5,6,2,6,5,0,5,1,2,3,4,0,2,5,8
8,7,1,7,9,-1,9,7,9,-1,5,5,0,8,1,7,9,0,2,0,8,5,-1,4,0,9,1,9,3,-1,9,6,7,7,8
9,0,-1,2,1,2,8,8,7,8,8,6,9,7,7,0,0,9,6,2,1,4,3,1,7,7,8,4,2,1,5,0,3,4,1
8,1,5,8,0,0,2,7,1,2,-1,7,9,-1,1,2,-1,1,4,4,-1,-1,-1,3,4,2,4,3,9,4,-1,4,4,0,2
2,8,0,8,8,-1,4,2,1,1,3,1,2,0,-1,1,0,2,7,0,0,5,9,0,6,3,2,6,6,2,7,7,0,0,7
3,2,1,6,9,3,2,2,8,0,4,6,5,1,5,6,7,1,6,5,5,6,2,6,9,8,-1,5,1,7,7,4,3,7,3
1,6,-1,3,-1,0,0,8,4,-1,5,5,7,9,8,6,2,-1,2,-1,3,-1,9,-1,-1,6,4,7,4,8,7,4,7,6,1
5,1,3,6,5,-1,2,4,4,5,4,1,2,3,2,2,1,4,1,3,8,-1,3,-1,6,3,-1,-1,3,4,-1,2,0,9,0
0,0
34,34
end

0,4,5,4,4,9,4,3,5,4,8,3,5,6,5,8,3,8,4,8,3,1,2,9,2,5,4,1,2,2,9,3,9,6,7,-1,4,4,6,6,7,9,8
5,3,8,-1,8,2,0,4,7,9,1,0,6,2,5,-1,9,2,9,4,3,4,6,1,9,1,5,5,4,1,9,8,4,9,9,1,7,3,7,0,-1,8,7
2,1,5,-1,6,2,6,8,6,-1,2,1,6,5,6,5,2,7,1,9,5,2,-1,9,2,5,2,6,2,9,7,3,7,4,6,7,2,6,7,3,-1,9,-1
6,-1,7,-1,7,0,5,6,8,9,2,1,2,6,4,8,4,5,7,1,5,4,3,4,3,-1,6,2,1,3,4,2,6,8,4,2,8,8,3,-1,9,5,4
1,-1,4,4,9,7,7,-1,2,-1,3,4,4,9,7,7,9,5,7,4,9,3,9,4,6,6,6,7,-1,6,9,6,0,9,7,9,8,0,7,5,2,4,0
-1,-1,6,3,9,1,3,0,9,6,0,8,7,9,2,2,1,5,8,5,7,9,5,7,0,1,-1,2,4,2,6,7,1,2,3,1,7,4,7,4,3,4,0
3,7,7,8,7,1,0,-1,9,7,8,9,7,3,9,0,6,-1,3,0,0,0,2,1,2,3,7,6,6,0,9,3,3,1,-1,1,1,9,1,0,4,8,4
-1,8,5,3,7,5,2,-1,9,3,9,6,6,2,3,1,7,6,-1,6,8,0,0,6,5,6,5,7,6,8,0,7,5,5,8,9,3,7,7,7,8,2,0
1,3,2,3,-1,5,1,7,-1,3,3,8,9,9,0,6,-1,9,5,7,4,6,1,-1,8,1,5,1,8,0,8,3,1,2,-1,0,7,-1,0,9,6,0,7
-1,5,3,2,6,6,7,8,8,1,2,5,0,1,3,6,6,2,4,8,5,9,9,4,6,4,7,0,0,9,4,8,3,1,5,4,0,0,7,0,4,0,2
-1,8,4,9,2,3,4,0,2,8,4,6,3,-1,7,8,8,2,1,9,7,4,1,3,9,5,1,7,1,2,2,5,3,1,7,5,1,1,9,0,8,6,6
4,8,4,9,4,1,6,0,4,6,8,3,7,8,5,5,2,0,5,8,5,3,6,-1,6,-1,2,9,3,8,1,5,5,8,0,-1,2,1,0,-1,4,0,0
4,7,1,-1,-1,-1,-1,6,5,3,2,4,-1,-1,4,0,-1,6,1,7,2,6,4,3,8,6,9,4,6,0,-1,7,9,2,7,2,0,1,9,1,6,4,-1
-1,-1,-1,9,9,6,5,-1,7,-1,4,0,4,8,6,6,6,8,5,-1,0,8,3,5,-1,7,-1,9,8,-1,5,1,7,1,5,5,0,1,5,1,1,6,-1
4,1,0,2,2,5,9,4,0,1,2,1,-1,3,6,2,2,6,6,2,2,8,6,8,0,5,9,-1,9,4,4,3,3,4,1,1,9,9,8,9,8,1,2
7,-1,1,8,3,2,0,6,0,3,0,6,-1,6,6,4,3,9,3,-1,9,9,9,-1,8,4,8,4,6,-1,0,6,6,6,5,0,4,3,1,8,4,8,0
8,8,-1,8,8,7,2,5,4,1,1,-1,-1,0,1,6,0,5,5,2,0,-1,6,8,2,8,3,7,6,9,8,1,3,5,0,1,8,7,-1,6,0,8,4
0,-1,8,0,1,9,5,-1,-1,8,0,0,8,1,4,1,2,4,-1,9,7,4,4,1,9,1,9,2,-1,7,9,3,5,8,3,0,9,0,8,3,0,1,7
2,6,3,9,6,4,4,1,3,0,7,-1,3,4,0,3,-1,1,9,2,7,0,4,6,3,4,7,6,6,2,0,-1,7,8,9,8,5,2,6,0,6,2,9
8,5,7,3,5,2,-1,8,-1,4,-1,7,7,0,1,2,7,8,0,9,-1,7,2,3,9,6,0,8,2,5,8,0,0,8,4,1,5,0,8,-1,8,4,-1
-1,1,7,7,7,0,5,8,9,-1,9,5,5,8,2,0,1,0,5,2,-1,4,2,2,0,9,6,1,0,9,7,1,9,2,3,1,4,6,3,1,8,1,7
1,4,8,1,7,1,7,2,0,2,6,3,2,1,3,1,0,-1,3,2,1,4,9,5,1,4,8,9,-1,8,2,-1,-1,-1,3,1,1,3,8,3,5,1,5
2,3,2,5,0,3,1,0,-1,3,3,5,4,3,4,0,0,6,1,3,4,1,-1,8,6,2,9,-1,3,0,2,-1,9,9,3,-1,2,6,1,3,1,6,-1
7,1,-1,5,4,-1,4,6,2,-1,0,9,2,9,2,4,1,5,9,3,0,2,6,6,0,8,2,5,2,-1,3,5,9,8,2,2,5,1,7,1,9,5,0
4,0,6,1,0,-1,9,-1,-1,3,8,5,4,1,8,1,2,-1,-1,-1,9,1,3,5,4,0,-1,9,2,7,-1,-1,-1,-1,6,4,3,2,4,3,3,2,0
2,7,1,1,1,8,8,0,4,8,6,3,3,5,9,5,0,6,1,4,9,1,3,4,6,5,-1,1,9,0,6,9,5,2,9,6,6,7,2,4,4,8,4
4,8,5,0,1,6,3,7,9,-1,8,8,5,-1,2,7,2,5,8,3,1,1,5,7,5,4,-1,9,5,1,7,9,0,-1,8,1,0,1,1,9,8,2,6
1,3,9,0,2,6,9,5,7,7,2,7,1,0,0,-1,9,1,9,-1,-1,3,9,9,6,3,7,2,-1,7,7,8,8,8,8,9,4,9,0,9,5,8,0
5,8,8,8,4,5,3,8,-1,4,8,5,7,3,7,3,8,6,0,2,6,7,8,7,-1,7,-1,3,1,8,8,3,6,-1,0,6,0,6,4,3,8,3,2
1,2,9,9,4,3,4,2,5,7,8,-1,3,7,8,7,-1,3,0,1,7,1,2,5,3,8,2,5,9,9,6,7,6,9,5,-1,1,7,8,1,1,4,5
6,6,0,9,7,6,0,8,6,2,-1,3,8,7,9,9,7,2,4,4,5,5,7,4,8,2,1,1,7,7,2,9,2,2,4,8,8,2,0,9,6,3,0
6,6,4,7,2,-1,1,0,3,9,-1,1,8,7,6,1,-1,9,3,5,0,2,7,1,6,0,4,1,2,0,4,8,6,9,7,2,4,1,5,3,5,2,2
0,3,5,4,1,6,7,-1,9,0,0,5,4,3,0,3,9,9,2,4,1,1,3,9,-1,2,5,8,9,8,1,3,9,9,0,5,9,0,8,2,0,-1,-1
6,0,2,1,-1,1,9,1,5,-1,1,4,0,0,-1,1,5,5,6,8,2,-1,4,3,2,8,5,1,6,7,4,7,5,2,4,4,-1,8,8,2,8,0,1
9,5,-1,-1,3,4,7,3,5,3,6,8,2,2,1,1,4,2,9,2,-1,1,1,0,3,6,2,0,2,1,4,4,2,1,2,8,2,8,1,5,5,5,9
3,-1,6,7,6,0,-1,5,4,5,0,6,9,5,-1,4,0,9,3,0,3,-1,1,2,2,9,6,8,-1,0,3,4,4,9,7,9,0,4,9,0,0,9,3
-1,8,2,6,7,9,5,4,1,7,8,9,-1,4,6,7,9,8,2,0,4,1,-1,9,1,-1,7,9,-1,9,-1,0,-1,8,3,1,3,0,-1,5,8,4,9
2,3,7,3,8,2,-1,2,6,7,2,2,1,4,4,0,7,2,6,7,6,5,-1,2,6,8,2,9,5,6,8,0,4,1,7,9,0,9,2,7,1,-1,9
2,2,1,1,6,7,8,8,7,6,4,7,9,7,9,2,8,1,7,0,7,3,1,1,-1,9,3,1,0,2,9,9,6,9,4,7,6,4,1,7,1,5,2
6,6,4,-1,2,1,4,1,7,0,9,3,2,0,9,-1,6,4,6,3,2,9,8,-1,6,9,4,2,8,2,6,8,0,8,9,0,5,7,1,2,0,2,1
4,2,0,7,1,5,-1,2,0,1,0,6,7,-1,6,6,3,8,-1,-1,0,5,3,6,9,3,-1,0,8,8,-1,8,0,6,3,-1,3,6,0,7,3,5,-1
6,9,-1,0,1,1,7,2,-1,-1,-1,6,9,6,3,-1,4,5,6,-1,4,2,2,9,-1,2,3,0,4,2,3,7,6,-1,8,-1,8,1,3,6,6,9,2
6,4,9,2,9,7,8,4,2,0,3,9,0,6,9,8,0,9,6,1,0,9,7,2,8,7,-1,1,2,1,3,7,0,5,2,6,2,5,9,1,0,5,1
0,0
42,42
end

5,5,5,7,1,0,1,-1,2,2,1,9,4,2,9,8,0,7,1,6,0,5,2,8,2,6,5,1,7,-1,8,7,4,5,0,7,9,1,3,4,9,1,0,8,2
0,7,0,2,9,7,-1,4,7,5,9,6,-1,6,4,0,2,8,2,3,8,4,4,9,0,8,6,-1,-1,-1,8,3,7,8,2,1,9,0,-1,8,-1,3,0,7,1
4,5,6,6,7,0,3,-1,9,3,6,9,2,-1,2,-1,4,3,6,6,-1,3,-1,1,7,2,8,1,-1,4,0,7,0,7,0,2,4,2,5,2,2,6,7,1,7
3,8,9,5,2,6,3,1,6,7,6,3,4,5,2,0,8,9,5,0,2,7,0,9,9,-1,-1,1,5,2,9,6,0,6,3,4,5,6,1,-1,-1,-1,2,1,6
8,4,2,3,1,9,6,5,3,-1,6,0,-1,4,7,8,7,4,9,8,7,8,0,2,3,6,4,3,8,0,4,6,2,2,0,6,8,3,6,1,-1,1,8,0,7
4,4,9,2,1,1,9,3,-1,2,4,0,-1,-1,1,8,8,1,2,3,2,3,5,4,6,7,1,4,3,4,3,1,0,5,4,1,0,2,7,3,1,5,2,5,9
3,4,6,4,4,0,1,7,0,9,0,5,8,8,7,0,2,9,5,7,5,7,6,0,5,3,5,6,-1,6,4,2,1,-1,6,2,3,9,6,4,2,5,-1,-1,1
8,4,0,6,2,7,9,7,8,0,0,3,7,-1,8,4,0,-1,9,0,8,1,2,6,6,5,-1,4,6,6,7,8,3,4,5,0,9,4,3,7,3,5,9,8,2
1,5,7,4,7,5,0,7,2,5,8,-1,2,5,8,4,2,1,-1,1,4,5,5,1,6,-1,8,9,4,9,-1,2,1,8,5,8,5,4,2,7,0,7,5,2,7
0,4,0,2,0,0,9,5,2,7,5,7,6,9,7,8,6,2,4,8,9,7,0,8,9,3,6,9,9,7,5,7,6,4,8,-1,0,-1,1,5,-1,9,5,6,4
-1,6,5,8,5,4,2,8,2,6,2,-1,7,2,6,0,1,9,6,3,1,6,3,2,0,3,1,6,4,2,-1,1,4,7,6,8,3,5,9,6,4,7,9,5,2
5,9,3,7,0,9,4,3,0,1,-1,7,5,3,4,1,9,5,6,9,9,7,5,4,4,2,8,7,7,9,0,2,7,9,0,1,8,6,5,1,8,3,5,3,0
8,0,9,0,5,0,4,0,0,6,-1,3,8,5,1,4,0,0,4,3,4,9,5,6,8,-1,6,-1,0,-1,3,9,1,2,7,0,6,6,1,4,5,0,1,-1,0
1,9,7,1,6,6,-1,4,9,8,4,4,5,2,8,7,2,2,1,7,7,3,7,4,4,4,1,2,0,4,5,-1,1,4,5,0,0,6,9,0,3,0,7,8,9
9,4,2,0,1,8,4,5,1,8,7,5,1,3,6,5,4,-1,5,4,9,3,0,1,0,7,9,1,4,3,0,4,3,8,6,1,7,5,9,2,2,5,2,3,8
1,9,2,2,4,7,6,-1,4,5,8,0,7,3,8,0,5,8,8,0,3,8,-1,4,8,-1,0,3,7,9,3,0,8,2,5,6,9,7,5,7,8,6,4,0,4
9,6,5,6,6,8,4,4,6,2,7,1,7,5,-1,2,4,9,7,0,9,0,6,4,-1,5,4,6,4,0,2,9,5,9,3,2,8,7,8,7,3,1,7,4,5
0,9,7,6,8,6,-1,1,6,5,7,1,5,1,4,4,2,5,-1,1,4,4,1,2,5,4,8,6,-1,6,4,5,5,8,5,4,6,-1,2,0,7,6,1,7,9
6,3,8,9,6,1,8,5,1,4,3,4,7,1,3,8,7,3,9,1,-1,9,8,9,6,2,5,5,6,6,9,-1,1,-1,8,-1,4,-1,7,-1,8,2,3,7,5
1,3,2,0,6,7,1,8,3,2,6,5,8,0,4,3,6,5,8,7,1,4,1,6,8,8,1,3,0,0,3,-1,5,3,5,5,4,-1,4,0,6,2,3,6,6
5,5,6,9,0,5,0,-1,8,-1,4,4,0,6,0,1,-1,1,0,3,6,1,5,2,9,6,7,-1,3,5,0,8,3,9,6,6,1,7,7,4,6,4,8,7,7
-1,0,-1,4,9,1,3,7,5,8,2,1,0,7,6,0,1,4,5,3,-1,9,2,2,7,6,0,8,3,-1,8,4,3,3,9,3,7,2,7,6,7,2,6,6,5
8,5,8,4,7,9,1,4,0,8,-1,8,0,0,3,-1,5,5,3,4,7,0,0,3,1,2,2,3,-1,5,0,2,9,3,3,2,1,3,7,7,4,0,1,7,4
2,-1,6,9,7,-1,1,3,4,4,1,3,1,4,0,-1,4,8,0,6,7,7,6,2,-1,2,-1,6,2,7,0,3,3,3,1,7,4,9,8,1,4,1,4,-1,4
6,0,7,8,-1,-1,6,4,6,4,6,1,5,-1,0,0,8,0,8,9,8,9,1,5,-1,1,8,0,3,-1,2,6,9,3,5,4,9,2,0,0,7,5,4,8,7
8,9,-1,8,-1,2,-1,0,2,7,-1,0,3,6,8,9,-1,8,9,5,0,3,7,1,7,1,9,9,5,0,6,0,7,9,4,6,2,0,4,9,0,7,9,4,5
3,9,3,5,5,8,6,3,3,0,8,4,8,-1,4,2,7,7,7,7,1,5,3,8,4,-1,4,1,8,8,5,-1,6,3,3,-1,7,2,0,9,6,8,2,9,7
5,8,6,0,4,8,0,7,3,-1,8,5,2,6,1,2,-1,2,1,2,3,4,9,4,3,7,0,9,0,6,8,2,3,2,2,1,-1,1,7,9,9,2,-1,1,4
-1,-1,9,4,0,8,3,3,7,7,4,6,3,8,8,3,9,-1,5,-1,6,3,5,1,7,9,9,7,7,0,-1,1,4,7,5,3,0,3,9,6,3,9,1,1,4
4,2,4,1,7,8,-1,2,0,2,0,0,2,9,8,9,4,6,1,3,4,0,1,-1,8,3,9,1,7,7,8,2,8,5,4,0,9,8,2,1,9,0,0,4,7
5,6,8,5,0,0,4,9,3,4,8,2,1,0,8,4,8,0,4,7,5,2,2,0,0,1,1,4,2,3,2,0,2,9,0,9,1,-1,-1,2,2,7,2,9,3
-1,4,-1,1,5,4,0,9,5,9,9,2,6,1,-1,1,4,5,5,0,-1,0,9,2,8,5,2,7,-1,9,8,8,3,8,6,7,7,5,2,9,9,4,6,4,-1
8,3,6,1,2,5,9,1,7,8,9,3,4,1,9,0,-1,9,1,7,1,8,4,5,4,2,6,0,7,7,9,2,0,2,2,-1,6,8,7,0,4,6,5,6,4
4,-1,8,-1,5,9,7,1,2,9,-1,6,9,4,8,7,4,6,2,9,1,5,8,4,8,2,7,8,4,0,0,5,4,3,6,5,3,-1,3,9,4,0,-1,5,9
5,1,6,4,8,7,3,2,6,5,4,8,1,5,-1,8,7,-1,0,0,5,0,2,0,9,8,5,6,5,8,3,2,5,4,3,-1,1,3,-1,2,8,1,5,0,-1
5,4,-1,9,3,7,4,1,4,1,2,2,7,7,1,0,5,0,3,0,1,8,1,3,4,3,4,2,0,8,9,3,-1,8,6,0,4,8,2,3,4,1,2,0,2
-1,1,9,5,3,9,0,2,1,6,6,8,9,8,5,4,2,9,1,9,4,6,2,-1,5,9,2,2,6,3,0,-1,4,7,3,1,5,4,6,2,8,8,7,7,7
1,9,8,0,7,3,6,9,-1,2,0,3,3,4,8,9,-1,2,0,9,7,2,6,2,4,9,7,3,4,-1,-1,5,6,8,4,8,1,6,2,2,6,0,1,-1,9
1,0,7,0,6,8,2,1,-1,8,2,9,7,2,7,0,0,9,7,8,-1,8,8,3,2,0,3,-1,-1,9,4,7,7,7,1,6,0,4,9,7,9,5,1,-1,6
9,0,9,6,4,8,5,1,4,8,5,0,3,2,5,2,1,2,6,1,-1,7,1,3,0,6,5,5,5,1,4,2,6,8,4,8,7,8,-1,6,9,2,0,4,6
9,7,4,5,1,-1,3,0,6,6,-1,4,4,1,1,6,6,1,3,1,4,7,6,7,3,-1,-1,-1,-1,2,3,5,5,5,9,7,0,0,3,9,8,7,2,5,9
1,9,4,6,1,9,-1,1,8,7,-1,7,4,6,-1,9,4,1,7,3,6,9,4,2,3,7,4,5,8,8,5,6,5,-1,7,9,1,2,0,8,3,5,4,0,0
1,1,3,-1,4,3,1,4,1,6,9,8,-1,6,7,4,9,9,9,7,4,4,2,9,3,6,7,4,9,4,4,7,2,5,7,8,-1,7,9,8,0,9,3,0,5
3,1,3,6,9,9,-1,2,5,1,3,4,9,5,-1,5,7,1,5,5,7,2,5,9,8,2,7,9,3,0,6,8,1,7,2,2,6,9,5,9,4,3,0,3,3
8,8,5,2,9,9,0,5,8,0,4,3,5,8,0,6,3,5,6,1,2,8,9,8,2,3,7,-1,9,1,1,4,2,7,9,-1,9,0,2,9,7,0,2,4,0
0,0
44,44
end

7,0,6,6,8,4,3,7,3,7,-1,9,4,6,5,6,9,6,-1,5,-1,-1,-1,0,4,6,6,6,-1,6,1,8,-1,3,7,6,2,2,4,6,7,0,7,4,5,2,5
3,-1,-1,9,0,4,7,-1,1,0,8,2,8,4,9,3,5,2,5,4,9,3,0,1,1,4,9,9,3,9,1,6,7,4,7,9,5,3,2,3,5,8,8,3,8,1,1
1,2,7,2,4,1,0,1,7,0,9,2,9,4,2,9,4,4,5,4,7,7,2,3,3,0,1,4,5,6,8,4,5,7,4,7,7,3,2,9,2,0,1,-1,6,1,-1
3,2,3,1,8,1,6,6,6,6,9,2,4,9,4,3,2,7,3,-1,2,8,7,-1,6,0,2,4,3,2,3,2,2,2,3,6,9,5,6,9,1,3,7,3,2,7,5
2,2,9,6,5,6,-1,6,1,6,1,7,7,4,1,0,6,2,3,2,0,9,5,8,-1,1,3,8,2,9,3,0,5,2,9,3,7,2,-1,0,5,1,1,6,2,8,0
0,9,3,4,2,8,4,0,-1,-1,-1,3,1,0,6,2,6,6,5,-1,-1,4,9,5,6,1,9,5,8,-1,6,6,-1,6,5,1,2,-1,0,2,5,6,9,1,0,1,8
2,1,1,4,6,9,-1,5,7,-1,1,-1,-1,7,5,5,9,7,-1,2,0,7,3,1,3,3,4,4,4,8,1,7,9,4,2,6,0,8,6,0,6,6,-1,0,3,6,0
5,1,6,2,4,8,3,6,9,9,7,0,8,7,6,8,5,3,6,5,8,6,1,9,2,5,9,5,7,6,6,5,2,2,5,1,-1,3,7,8,1,9,5,6,7,1,1
-1,6,6,5,7,2,5,4,6,5,8,6,6,4,9,0,-1,-1,9,4,4,7,7,3,9,2,3,9,2,3,9,4,1,3,6,2,7,8,9,5,7,6,8,6,-1,8,0
0,7,7,6,5,1,8,9,1,-1,9,0,4,5,6,-1,2,0,-1,2,5,1,1,4,3,7,2,5,-1,2,2,2,8,7,1,8,6,4,-1,0,2,5,6,2,5,-1,4
3,-1,-1,1,4,1,4,9,3,0,-1,2,0,4,0,9,9,-1,1,6,1,0,8,8,7,7,1,5,9,8,7,7,5,3,7,1,3,1,7,3,0,0,8,2,0,1,1
0,3,6,3,8,3,9,6,1,6,5,0,7,1,3,-1,-1,-1,7,-1,1,9,-1,5,3,3,9,9,8,4,9,1,4,6,9,6,7,8,0,3,2,6,8,9,4,0,4
7,7,5,7,6,2,9,-1,9,5,-1,2,7,1,7,5,3,0,2,5,6,6,8,-1,6,1,7,6,4,7,6,2,6,-1,3,4,8,7,5,5,0,-1,3,-1,4,3,2
2,0,4,4,8,7,5,0,0,-1,9,1,-1,2,6,4,-1,6,8,6,7,0,0,8,1,6,0,6,8,3,3,-1,2,8,5,3,8,2,9,0,3,-1,1,5,1,7,1
2,6,-1,5,6,-1,7,5,5,4,-1,8,6,3,0,0,-1,8,-1,6,9,0,9,1,-1,2,2,9,3,5,8,6,3,2,7,1,3,2,3,-1,4,7,3,7,6,9,1
5,8,7,4,1,3,0,2,4,0,2,9,-1,5,1,-1,0,1,5,-1,7,6,6,9,8,3,1,-1,-1,1,6,1,3,8,2,3,-1,9,0,6,-1,5,2,2,6,-1,2
4,4,3,4,2,-1,0,-1,0,-1,8,6,1,9,1,3,8,7,5,7,2,5,2,-1,4,1,1,0,7,0,5,3,-1,8,7,9,1,9,9,3,5,4,3,4,6,-1,9
1,1,8,1,2,1,8,6,4,9,8,4,2,4,3,6,0,3,6,3,2,6,0,1,8,3,1,9,1,6,0,0,8,-1,4,3,4,4,6,3,7,6,-1,3,-1,-1,7
1,5,0,1,1,7,6,1,9,8,0,4,1,0,5,3,3,2,7,0,9,6,7,2,1,0,6,7,-1,5,8,3,1,6,5,2,9,1,6,5,3,4,5,5,5,7,8
4,6,5,4,1,5,4,9,7,3,-1,7,3,3,0,6,7,9,1,-1,2,5,0,5,7,9,5,5,4,2,6,2,7,6,0,8,9,7,6,8,6,8,2,4,6,3,7
1,6,5,9,2,5,6,3,9,6,4,9,8,0,4,6,7,5,-1,4,2,9,7,3,-1,3,1,1,2,5,7,2,-1,1,9,1,5,-1,0,5,8,7,3,4,4,9,6
4,1,2,0,2,0,5,1,7,9,2,4,5,1,0,4,2,7,8,8,-1,5,5,9,-1,-1,1,8,6,4,-1,3,8,3,2,4,2,3,4,0,4,4,-1,9,1,-1,6
4,-1,1,2,1,9,8,0,1,5,1,4,7,6,4,7,7,9,3,-1,-1,3,-1,3,5,8,6,7,7,6,1,6,6,5,9,7,5,6,9,0,3,0,8,0,4,1,3
-1,9,3,8,-1,1,3,9,-1,0,-1,7,2,0,6,-1,9,8,8,5,5,1,7,9,9,1,3,6,6,5,7,5,2,1,1,1,2,9,3,6,9,7,8,-1,0,7,-1
-1,3,4,2,2,4,3,1,3,6,9,2,1,1,5,5,0,-1,7,4,6,2,3,7,5,7,1,2,-1,3,6,0,6,0,5,6,4,9,0,5,0,4,-1,3,2,4,4
7,8,5,5,6,7,9,1,6,6,1,2,6,4,2,0,6,8,8,9,0,2,-1,7,3,-1,9,9,8,-1,-1,6,6,4,1,4,9,0,5,9,3,9,9,8,8,8,5
5,8,2,5,7,1,3,9,6,5,5,9,2,8,0,5,2,6,-1,0,5,1,1,7,2,0,5,2,3,3,9,0,3,6,1,1,8,6,2,8,9,1,3,4,-1,8,3
4,9,9,1,1,4,6,7,8,1,6,7,8,6,7,8,6,9,1,-1,9,3,9,2,7,6,6,5,5,0,0,7,8,7,0,7,1,9,4,5,2,2,5,9,1,1,0
9,6,3,1,1,4,9,4,9,3,-1,0,8,6,4,5,-1,-1,5,0,1,9,8,4,8,6,3,8,8,1,4,-1,3,0,9,-1,0,3,0,4,0,6,-1,6,6,4,9
9,9,5,7,8,4,9,3,0,2,9,4,-1,7,-1,0,5,9,6,2,6,0,8,4,2,0,-1,5,0,4,5,4,8,-1,0,6,7,3,1,4,4,2,9,1,4,3,2
9,-1,7,0,1,7,9,3,7,5,1,7,4,8,9,5,2,-1,3,5,3,4,-1,2,0,9,4,3,1,9,9,8,8,8,8,7,6,-1,1,8,7,5,-1,3,5,0,0
4,9,7,1,0,5,6,3,8,0,3,7,4,2,1,9,1,9,-1,4,0,4,0,6,6,0,0,6,-1,9,9,6,3,0,4,5,9,6,7,1,2,9,6,9,1,2,8
2,4,0,2,1,2,3,9,1,2,9,4,5,4,-1,4,1,2,6,8,3,-1,5,0,4,-1,1,-1,5,4,0,8,7,-1,9,3,5,4,9,4,9,8,3,7,5,7,7
9,-1,0,5,9,4,3,3,3,3,2,6,3,-1,8,-1,0,6,0,6,3,-1,8,4,5,-1,0,0,4,9,5,4,4,5,-1,7,1,8,3,8,6,9,5,3,0,7,3
0,6,4,2,0,0,3,5,4,7,9,2,-1,0,5,0,0,5,8,6,3,8,3,8,0,9,6,8,1,0,8,4,0,-1,0,0,2,9,7,8,0,1,4,9,7,3,0
7,2,2,7,6,7,3,3,9,8,5,-1,0,2,5,8,8,5,7,7,6,1,1,5,-1,9,8,3,2,6,7,5,1,4,5,6,3,5,8,7,5,5,1,-1,3,2,-1
7,8,2,1,3,5,6,1,3,0,8,2,4,3,4,2,-1,4,6,5,8,6,-1,-1,7,9,5,2,-1,5,4,2,9,4,-1,4,2,7,6,0,3,-1,1,6,7,9,0
8,4,3,7,4,0,4,2,9,1,3,5,9,0,4,8,2,-1,6,5,4,6,4,6,8,4,2,0,3,8,8,2,9,3,1,-1,1,7,6,-1,6,2,7,6,9,9,2
7,-1,8,3,1,4,4,1,8,-1,3,8,6,5,-1,0,0,6,4,4,3,-1,7,1,2,0,6,-1,1,-1,2,8,0,-1,5,2,8,3,-1,6,4,3,3,8,4,6,-1
2,6,1,4,0,8,1,-1,1,0,9,2,-1,-1,2,7,0,0,4,3,-1,4,9,3,-1,3,-1,4,-1,4,7,6,8,4,9,0,1,7,7,5,9,7,5,8,7,9,5
0,2,2,0,2,-1,5,2,1,2,8,0,7,-1,6,-1,2,9,3,9,2,4,9,1,5,2,5,5,9,6,3,8,4,2,5,1,9,0,2,1,5,5,9,9,2,2,6
1,3,2,8,6,2,1,0,7,3,1,8,1,0,1,6,-1,0,7,3,0,1,3,1,-1,5,-1,6,2,7,1,0,5,5,3,7,8,1,2,4,8,7,2,3,1,4,7
8,7,1,1,6,3,8,-1,5,5,2,2,5,8,5,2,4,8,4,7,4,9,5,2,5,5,7,1,0,5,8,5,8,-1,3,4,2,1,8,-1,3,4,5,4,9,8,5
3,0,8,-1,8,-1,4,4,7,4,6,1,7,5,7,2,0,2,7,1,8,1,7,4,2,0,9,-1,6,-1,5,3,1,1,5,0,9,5,8,1,2,2,0,4,7,8,5
5,5,-1,8,9,2,5,6,0,9,-1,5,6,7,0,2,1,0,8,9,5,7,0,1,2,3,3,-1,-1,2,1,2,0,6,5,3,7,4,2,0,5,1,-1,4,3,8,9
4,3,6,6,5,5,3,4,8,5,4,9,2,1,1,3,7,5,1,0,6,5,9,5,9,7,9,2,1,3,6,2,7,3,6,1,4,3,0,7,4,3,9,2,3,1,9
0,3,3,-1,1,1,-1,4,5,-1,0,5,4,3,3,6,5,0,2,0,-1,6,1,9,6,1,9,9,0,1,8,7,2,3,7,4,1,8,2,2,8,4,4,4,1,1,0
0,0
46,46
end

3,8,6,3,8,-1,-1,7,4,8,4,8,6,5,4,-1,5,1,2,0,4,0,6,2,4,4,5,9,1,4,8,3,8,4,2,7,7,6,1,2,7,6,-1,2,9,4,8,3,0,7
2,5,4,0,1,6,3,1,-1,7,5,8,6,0,-1,8,5,2,4,2,8,2,3,6,3,4,2,-1,4,2,2,8,0,0,6,2,4,6,2,0,0,6,0,9,3,9,5,0,8,8
9,0,7,4,5,9,5,1,-1,-1,6,4,5,7,9,4,5,3,-1,2,8,2,1,4,1,3,1,9,8,6,7,6,3,-1,2,6,9,8,5,9,5,3,2,9,3,7,5,-1,8,0
2,3,6,9,3,5,1,9,2,8,4,6,2,7,8,-1,1,7,2,3,1,8,8,2,4,8,4,0,-1,5,6,6,1,2,4,9,8,-1,7,6,7,5,4,7,5,9,-1,8,5,6
-1,5,7,-1,6,7,1,3,8,8,5,3,2,1,7,4,8,3,1,6,6,9,7,4,2,-1,3,6,0,6,5,5,2,6,0,6,-1,0,0,9,-1,5,3,3,9,-1,9,7,1,0
7,2,6,-1,2,9,0,6,-1,9,7,5,7,0,5,5,7,4,1,-1,2,0,0,2,8,1,4,6,9,5,5,2,6,5,1,0,9,7,-1,7,1,5,8,7,4,4,-1,1,-1,9
2,3,6,2,9,8,2,-1,8,3,3,8,2,6,9,-1,6,1,7,1,2,3,2,9,8,2,3,2,0,5,6,0,7,3,8,2,8,7,6,9,4,5,8,1,6,3,5,7,7,1
1,4,3,7,-1,7,1,-1,-1,2,0,8,1,4,7,9,3,5,3,9,-1,5,0,0,7,7,2,0,7,6,5,9,2,3,2,9,1,0,4,4,9,3,5,3,5,2,5,7,5,3
1,6,2,9,4,8,3,-1,5,1,8,-1,8,1,5,-1,9,8,8,8,9,1,2,7,3,0,-1,5,3,8,2,4,0,1,6,9,0,3,4,2,6,-1,7,7,2,9,7,4,8,6
-1,5,9,6,3,1,4,9,3,8,7,1,5,3,1,7,4,4,8,6,9,5,9,8,6,2,4,4,8,9,4,8,-1,0,3,1,3,0,8,6,-1,6,2,0,2,9,6,4,8,5
0,3,2,0,3,6,0,1,0,1,5,6,0,2,9,2,4,6,9,0,8,-1,1,-1,2,0,-1,-1,5,2,0,0,7,1,4,7,0,1,5,4,7,5,0,7,2,1,6,-1,6,2
1,5,6,7,7,8,-1,6,6,5,4,6,1,8,8,0,3,6,1,6,8,3,5,2,8,6,7,0,3,-1,6,4,8,3,8,5,-1,6,4,4,8,0,5,1,2,9,-1,-1,8,-1
2,0,8,3,6,9,4,7,3,9,2,9,8,1,3,1,8,4,8,2,9,5,2,0,6,8,6,8,8,1,0,2,2,3,6,6,-1,8,4,8,7,1,2,4,0,0,6,9,5,8
8,3,6,3,0,4,0,-1,3,4,8,8,5,6,2,4,9,-1,0,9,7,9,-1,5,8,-1,0,5,9,2,3,0,3,6,4,0,9,3,2,5,6,-1,1,-1,0,3,9,8,6,6
8,6,-1,1,5,5,0,-1,9,1,2,6,8,4,8,7,9,4,0,2,1,2,5,1,0,7,5,1,9,3,8,-1,8,1,4,6,5,0,8,2,-1,5,2,8,2,4,7,0,8,9
8,1,1,5,4,4,2,1,0,0,2,4,5,4,-1,0,4,4,9,5,1,4,7,9,5,8,-1,0,-1,9,4,6,7,9,6,4,9,-1,0,2,2,8,9,4,3,8,4,2,4,1
1,2,6,5,2,8,9,7,8,5,-1,6,9,5,8,4,8,4,-1,3,4,-1,4,7,7,8,3,7,2,9,0,9,3,0,9,9,0,2,3,5,9,7,1,7,8,5,8,7,9,-1
4,-1,-1,8,5,4,8,3,9,3,6,5,8,7,1,5,9,1,7,0,4,-1,9,5,0,0,1,6,6,4,7,0,0,-1,0,3,5,-1,1,8,3,3,1,-1,9,5,3,8,1,6
0,5,-1,5,4,0,1,3,3,3,0,1,2,6,-1,8,8,4,9,0,6,4,7,4,-1,5,7,2,5,9,0,2,5,2,-1,-1,5,5,8,4,4,4,9,0,9,4,4,3,7,1
4,3,1,-1,0,6,0,1,2,-1,6,3,9,2,2,4,3,4,5,8,4,7,7,8,7,7,7,1,4,-1,3,6,0,2,9,3,-1,3,6,8,2,0,3,0,9,4,8,3,1,8
4,2,1,1,9,8,9,7,1,6,9,3,5,8,9,1,9,2,5,2,5,9,0,0,2,8,3,2,3,3,5,5,2,6,1,0,0,2,2,0,8,4,0,1,5,0,-1,9,1,7
6,9,7,1,2,-1,5,4,6,7,4,3,1,2,3,2,4,0,8,4,-1,-1,0,3,7,0,8,9,5,0,8,7,7,0,8,0,1,3,3,-1,9,9,5,-1,4,3,3,6,4,5
0,8,2,8,2,0,0,7,6,-1,9,-1,-1,0,0,0,6,3,-1,7,5,5,4,7,4,1,2,6,9,4,3,5,3,2,1,4,5,7,6,3,3,9,4,9,4,8,6,9,0,8
8,2,4,8,-1,1,6,4,9,6,0,2,3,5,1,9,2,0,5,7,1,6,2,8,6,5,8,4,6,3,9,7,0,4,2,8,2,7,1,8,5,4,8,7,6,0,9,4,0,4
8,4,6,5,9,9,-1,6,4,3,6,-1,9,0,8,2,8,1,0,2,0,5,2,1,3,-1,-1,9,4,3,7,5,2,3,4,4,0,-1,8,8,7,2,7,8,8,9,1,1,9,2
5,4,-1,0,7,0,8,6,9,9,2,9,-1,0,3,4,-1,-1,3,0,7,2,0,8,6,2,0,8,7,6,8,0,3,4,0,9,8,2,-1,6,6,4,7,9,0,3,0,7,0,3
9,4,4,7,2,-1,6,8,2,0,3,1,9,3,3,1,8,7,3,7,9,-1,8,-1,2,4,5,2,9,7,6,3,9,2,2,2,4,4,5,9,-1,3,2,1,7,6,-1,7,6,1
3,1,3,3,1,1,4,2,1,7,4,1,4,1,6,7,3,1,2,1,7,9,8,-1,4,8,2,8,7,-1,2,3,-1,3,2,5,5,8,5,0,7,6,7,5,6,-1,-1,8,4,7
9,2,4,1,8,1,-1,4,6,5,6,2,8,1,6,8,6,7,2,1,-1,6,8,7,2,6,-1,1,0,1,6,8,5,6,0,4,8,1,7,8,5,5,6,0,6,1,6,5,4,6
5,3,0,8,0,6,5,-1,7,9,4,7,9,5,0,4,9,3,3,5,9,0,0,0,9,5,1,0,6,3,1,2,8,-1,5,5,7,5,1,4,7,0,7,9,5,1,6,3,0,6
1,3,4,8,-1,1,1,3,-1,-1,9,6,8,2,8,3,3,9,8,7,6,7,5,6,-1,5,5,3,1,3,8,1,7,1,9,2,-1,-1,0,9,1,7,5,5,0,8,6,-1,5,5
-1,0,5,9,7,7,2,1,9,8,9,5,1,2,7,8,-1,1,5,3,3,3,-1,-1,9,9,8,1,5,5,-1,-1,9,3,7,4,7,5,-1,-1,7,5,0,0,8,8,9,6,9,1
4,7,8,-1,5,2,2,7,5,7,0,-1,0,-1,7,0,7,6,8,3,3,4,6,7,7,4,5,5,1,-1,3,5,6,9,5,6,2,8,3,0,9,4,2,2,5,3,3,9,-1,5
1,7,4,-1,2,3,1,1,2,6,8,7,6,0,1,5,1,2,4,5,0,7,3,0,2,1,6,6,0,1,4,9,-1,1,0,-1,0,4,3,3,9,8,8,6,-1,4,9,9,6,9
-1,1,9,8,0,3,1,5,3,5,6,4,7,1,3,2,7,8,6,6,2,3,-1,9,6,8,9,9,3,3,5,2,4,1,1,2,9,9,-1,3,8,5,9,0,3,9,6,3,9,7
8,6,3,2,8,9,0,6,0,6,1,1,9,8,7,4,8,9,3,1,7,2,9,-1,1,9,-1,3,8,8,-1,2,-1,-1,9,9,5,0,7,5,-1,0,1,4,6,1,4,0,3,-1
-1,7,5,0,4,6,-1,1,9,9,9,-1,4,8,9,3,3,8,3,9,7,4,5,6,6,5,7,2,0,6,8,2,1,0,3,0,1,0,5,8,5,8,5,4,3,7,3,-1,6,6
8,9,9,-1,5,5,3,8,5,7,-1,6,9,9,7,4,7,1,5,2,2,2,7,8,5,-1,0,0,0,0,4,9,0,1,1,8,6,4,0,4,5,4,2,9,5,2,3,5,2,9
4,-1,8,3,6,9,6,3,7,0,1,4,6,3,0,8,5,9,2,4,8,7,7,2,8,-1,6,6,8,2,2,0,-1,3,5,6,1,6,1,3,2,8,8,0,6,9,5,4,-1,7
6,4,-1,0,9,9,3,0,5,8,-1,9,1,4,1,8,7,1,4,1,8,-1,5,1,0,1,0,5,0,7,4,0,0,4,1,-1,3,0,0,-1,6,9,1,4,8,4,0,4,5,-1
4,9,1,1,6,8,4,3,1,3,6,7,9,9,2,0,-1,2,7,8,0,8,2,-1,7,7,1,9,8,2,6,0,4,3,6,7,9,2,3,5,-1,-1,4,9,0,2,1,4,1,4
5,7,3,7,8,0,8,6,1,4,4,7,7,6,3,7,2,9,2,6,4,5,3,4,9,3,6,6,8,-1,6,9,0,1,4,9,2,-1,5,8,0,0,3,8,1,1,-1,1,4,-1
6,5,5,2,5,0,3,1,-1,1,7,4,2,6,-1,7,4,1,-1,1,-1,7,3,3,3,3,9,1,9,3,5,5,9,6,4,4,8,4,8,4,7,1,1,9,4,4,6,-1,4,4
5,7,6,2,2,2,6,9,0,6,-1,9,1,7,7,6,0,3,0,4,7,8,-1,2,9,5,9,3,2,-1,5,1,9,6,9,1,3,6,0,9,7,7,7,9,2,8,1,0,6,2
1,4,2,-1,-1,8,2,3,4,5,1,6,-1,4,9,2,7,2,6,2,2,3,4,8,4,-1,2,0,8,2,3,3,2,6,1,4,7,7,4,1,0,7,9,9,5,2,7,9,7,9
1,3,6,0,5,7,-1,4,8,1,6,2,6,0,9,7,1,6,4,9,7,8,1,7,0,6,3,9,3,0,2,3,2,3,1,1,7,9,5,5,7,9,0,7,9,1,7,1,-1,3
4,5,2,7,9,9,5,0,0,-1,3,3,5,2,2,2,8,4,5,-1,1,7,7,2,8,1,6,2,2,4,7,2,0,4,6,6,1,6,2,1,7,0,0,0,0,5,1,6,4,0
7,4,0,1,8,1,8,7,8,4,-1,7,7,4,3,2,5,6,0,6,-1,4,4,3,6,8,0,0,3,0,2,0,6,7,2,4,5,7,-1,4,-1,1,6,3,6,-1,4,4,7,8
0,1,9,7,7,3,0,3,6,6,-1,5,2,7,1,-1,4,0,7,8,6,0,0,3,7,9,8,9,6,4,1,8,6,5,2,-1,0,9,5,8,8,1,0,5,3,9,3,0,8,0
8,1,4,4,9,3,9,4,6,4,9,1,9,5,2,4,3,8,1,8,0,5,9,4,6,8,7,6,1,3,2,4,7,-1,-1,7,8,1,9,9,3,4,9,1,0,5,5,9,8,9
0,0
49,49
end
